c1s2
Exercise number (3,4,7-14,33,34)? 34

M =

       1              0              0              0              0              0              0       
       1              2              4              8             16             32             29/10    
       1              4             16             64            256           1024             74/5     
       1              6             36            216           1296           7776            198/5     
       1              8             64            512           4096          32768            743/10    
       1             10            100           1000          10000         100000            119       

To view the entries of M in rational form, enter
        format rat, M
  The command   format short   returns the display to short decimal format.
format rat
M

M =

       1              0              0              0              0              0              0       
       1              2              4              8             16             32             29/10    
       1              4             16             64            256           1024             74/5     
       1              6             36            216           1296           7776            198/5     
       1              8             64            512           4096          32768            743/10    
       1             10            100           1000          10000         100000            119       

for i = 2:6
M=replace(M,i,-1,1)
end

temp =

       1              0              0              0              0              0              0       
       0              2              4              8             16             32             29/10    
       1              4             16             64            256           1024             74/5     
       1              6             36            216           1296           7776            198/5     
       1              8             64            512           4096          32768            743/10    
       1             10            100           1000          10000         100000            119       

OK? y/n [y]:y

M =

       1              0              0              0              0              0              0       
       0              2              4              8             16             32             29/10    
       1              4             16             64            256           1024             74/5     
       1              6             36            216           1296           7776            198/5     
       1              8             64            512           4096          32768            743/10    
       1             10            100           1000          10000         100000            119       


temp =

       1              0              0              0              0              0              0       
       0              2              4              8             16             32             29/10    
       0              4             16             64            256           1024             74/5     
       1              6             36            216           1296           7776            198/5     
       1              8             64            512           4096          32768            743/10    
       1             10            100           1000          10000         100000            119       

OK? y/n [y]:y

M =

       1              0              0              0              0              0              0       
       0              2              4              8             16             32             29/10    
       0              4             16             64            256           1024             74/5     
       1              6             36            216           1296           7776            198/5     
       1              8             64            512           4096          32768            743/10    
       1             10            100           1000          10000         100000            119       


temp =

       1              0              0              0              0              0              0       
       0              2              4              8             16             32             29/10    
       0              4             16             64            256           1024             74/5     
       0              6             36            216           1296           7776            198/5     
       1              8             64            512           4096          32768            743/10    
       1             10            100           1000          10000         100000            119       

OK? y/n [y]:y

M =

       1              0              0              0              0              0              0       
       0              2              4              8             16             32             29/10    
       0              4             16             64            256           1024             74/5     
       0              6             36            216           1296           7776            198/5     
       1              8             64            512           4096          32768            743/10    
       1             10            100           1000          10000         100000            119       


temp =

       1              0              0              0              0              0              0       
       0              2              4              8             16             32             29/10    
       0              4             16             64            256           1024             74/5     
       0              6             36            216           1296           7776            198/5     
       0              8             64            512           4096          32768            743/10    
       1             10            100           1000          10000         100000            119       

OK? y/n [y]:y

M =

       1              0              0              0              0              0              0       
       0              2              4              8             16             32             29/10    
       0              4             16             64            256           1024             74/5     
       0              6             36            216           1296           7776            198/5     
       0              8             64            512           4096          32768            743/10    
       1             10            100           1000          10000         100000            119       


temp =

       1              0              0              0              0              0              0       
       0              2              4              8             16             32             29/10    
       0              4             16             64            256           1024             74/5     
       0              6             36            216           1296           7776            198/5     
       0              8             64            512           4096          32768            743/10    
       0             10            100           1000          10000         100000            119       

OK? y/n [y]:y

M =

       1              0              0              0              0              0              0       
       0              2              4              8             16             32             29/10    
       0              4             16             64            256           1024             74/5     
       0              6             36            216           1296           7776            198/5     
       0              8             64            512           4096          32768            743/10    
       0             10            100           1000          10000         100000            119       

for i = 3:6
M=replace(M,i,1-i,2)
end

temp =

       1              0              0              0              0              0              0       
       0              2              4              8             16             32             29/10    
       0              0              8             48            224            960              9       
       0              6             36            216           1296           7776            198/5     
       0              8             64            512           4096          32768            743/10    
       0             10            100           1000          10000         100000            119       

OK? y/n [y]:y

M =

       1              0              0              0              0              0              0       
       0              2              4              8             16             32             29/10    
       0              0              8             48            224            960              9       
       0              6             36            216           1296           7776            198/5     
       0              8             64            512           4096          32768            743/10    
       0             10            100           1000          10000         100000            119       


temp =

       1              0              0              0              0              0              0       
       0              2              4              8             16             32             29/10    
       0              0              8             48            224            960              9       
       0              0             24            192           1248           7680            309/10    
       0              8             64            512           4096          32768            743/10    
       0             10            100           1000          10000         100000            119       

OK? y/n [y]:y

M =

       1              0              0              0              0              0              0       
       0              2              4              8             16             32             29/10    
       0              0              8             48            224            960              9       
       0              0             24            192           1248           7680            309/10    
       0              8             64            512           4096          32768            743/10    
       0             10            100           1000          10000         100000            119       


temp =

       1              0              0              0              0              0              0       
       0              2              4              8             16             32             29/10    
       0              0              8             48            224            960              9       
       0              0             24            192           1248           7680            309/10    
       0              0             48            480           4032          32640            627/10    
       0             10            100           1000          10000         100000            119       

OK? y/n [y]:y

M =

       1              0              0              0              0              0              0       
       0              2              4              8             16             32             29/10    
       0              0              8             48            224            960              9       
       0              0             24            192           1248           7680            309/10    
       0              0             48            480           4032          32640            627/10    
       0             10            100           1000          10000         100000            119       


temp =

       1              0              0              0              0              0              0       
       0              2              4              8             16             32             29/10    
       0              0              8             48            224            960              9       
       0              0             24            192           1248           7680            309/10    
       0              0             48            480           4032          32640            627/10    
       0              0             80            960           9920          99840            209/2     

OK? y/n [y]:y

M =

       1              0              0              0              0              0              0       
       0              2              4              8             16             32             29/10    
       0              0              8             48            224            960              9       
       0              0             24            192           1248           7680            309/10    
       0              0             48            480           4032          32640            627/10    
       0              0             80            960           9920          99840            209/2     

M=replace(M,4,-3,3)

temp =

       1              0              0              0              0              0              0       
       0              2              4              8             16             32             29/10    
       0              0              8             48            224            960              9       
       0              0              0             48            576           4800             39/10    
       0              0             48            480           4032          32640            627/10    
       0              0             80            960           9920          99840            209/2     

OK? y/n [y]:y

M =

       1              0              0              0              0              0              0       
       0              2              4              8             16             32             29/10    
       0              0              8             48            224            960              9       
       0              0              0             48            576           4800             39/10    
       0              0             48            480           4032          32640            627/10    
       0              0             80            960           9920          99840            209/2     

M=replace(M,5,-6,3)

temp =

       1              0              0              0              0              0              0       
       0              2              4              8             16             32             29/10    
       0              0              8             48            224            960              9       
       0              0              0             48            576           4800             39/10    
       0              0              0            192           2688          26880             87/10    
       0              0             80            960           9920          99840            209/2     

OK? y/n [y]:y

M =

       1              0              0              0              0              0              0       
       0              2              4              8             16             32             29/10    
       0              0              8             48            224            960              9       
       0              0              0             48            576           4800             39/10    
       0              0              0            192           2688          26880             87/10    
       0              0             80            960           9920          99840            209/2     

M=replace(M,6,-10,3)

temp =

       1              0              0              0              0              0              0       
       0              2              4              8             16             32             29/10    
       0              0              8             48            224            960              9       
       0              0              0             48            576           4800             39/10    
       0              0              0            192           2688          26880             87/10    
       0              0              0            480           7680          90240             29/2     

OK? y/n [y]:y

M =

       1              0              0              0              0              0              0       
       0              2              4              8             16             32             29/10    
       0              0              8             48            224            960              9       
       0              0              0             48            576           4800             39/10    
       0              0              0            192           2688          26880             87/10    
       0              0              0            480           7680          90240             29/2     

M=replace(M,5,-3,4)

temp =

       1              0              0              0              0              0              0       
       0              2              4              8             16             32             29/10    
       0              0              8             48            224            960              9       
       0              0              0             48            576           4800             39/10    
       0              0              0             48            960          12480             -3       
       0              0              0            480           7680          90240             29/2     

OK? y/n [y]:n

M =

       1              0              0              0              0              0              0       
       0              2              4              8             16             32             29/10    
       0              0              8             48            224            960              9       
       0              0              0             48            576           4800             39/10    
       0              0              0            192           2688          26880             87/10    
       0              0              0            480           7680          90240             29/2     

M=replace(M,5,-4,4)

temp =

       1              0              0              0              0              0              0       
       0              2              4              8             16             32             29/10    
       0              0              8             48            224            960              9       
       0              0              0             48            576           4800             39/10    
       0              0              0              0            384           7680            -69/10    
       0              0              0            480           7680          90240             29/2     

OK? y/n [y]:y

M =

       1              0              0              0              0              0              0       
       0              2              4              8             16             32             29/10    
       0              0              8             48            224            960              9       
       0              0              0             48            576           4800             39/10    
       0              0              0              0            384           7680            -69/10    
       0              0              0            480           7680          90240             29/2     

M=replace(M,6,-10,4)

temp =

       1              0              0              0              0              0              0       
       0              2              4              8             16             32             29/10    
       0              0              8             48            224            960              9       
       0              0              0             48            576           4800             39/10    
       0              0              0              0            384           7680            -69/10    
       0              0              0              0           1920          42240            -49/2     

OK? y/n [y]:y

M =

       1              0              0              0              0              0              0       
       0              2              4              8             16             32             29/10    
       0              0              8             48            224            960              9       
       0              0              0             48            576           4800             39/10    
       0              0              0              0            384           7680            -69/10    
       0              0              0              0           1920          42240            -49/2     

M=replace(M,6,-5,5)

temp =

       1              0              0              0              0              0              0       
       0              2              4              8             16             32             29/10    
       0              0              8             48            224            960              9       
       0              0              0             48            576           4800             39/10    
       0              0              0              0            384           7680            -69/10    
       0              0              0              0              0           3840             10       

OK? y/n [y]:y

M =

       1              0              0              0              0              0              0       
       0              2              4              8             16             32             29/10    
       0              0              8             48            224            960              9       
       0              0              0             48            576           4800             39/10    
       0              0              0              0            384           7680            -69/10    
       0              0              0              0              0           3840             10       

M=scale(M,6,-10)

M =

       1              0              0              0              0              0              0       
       0              2              4              8             16             32             29/10    
       0              0              8             48            224            960              9       
       0              0              0             48            576           4800             39/10    
       0              0              0              0            384           7680            -69/10    
       0              0              0              0              0         -38400           -100       

M=scale(M,6,1./-100)

M =

       1              0              0              0              0              0              0       
       0              2              4              8             16             32             29/10    
       0              0              8             48            224            960              9       
       0              0              0             48            576           4800             39/10    
       0              0              0              0            384           7680            -69/10    
       0              0              0              0              0            384              1       

M=scale(M,5,1/384)

M =

       1              0              0              0              0              0              0       
       0              2              4              8             16             32             29/10    
       0              0              8             48            224            960              9       
       0              0              0             48            576           4800             39/10    
       0              0              0              0              1             20            -23/1280  
       0              0              0              0              0            384              1       

M=scale(M,4,1/48)

M =

       1              0              0              0              0              0              0       
       0              2              4              8             16             32             29/10    
       0              0              8             48            224            960              9       
       0              0              0              1             12            100             13/160   
       0              0              0              0              1             20            -23/1280  
       0              0              0              0              0            384              1       

M=scale(M,3,1/8)

M =

       1              0              0              0              0              0              0       
       0              2              4              8             16             32             29/10    
       0              0              1              6             28            120              9/8     
       0              0              0              1             12            100             13/160   
       0              0              0              0              1             20            -23/1280  
       0              0              0              0              0            384              1       

M=scale(M,2,1/2)

M =

       1              0              0              0              0              0              0       
       0              1              2              4              8             16             29/20    
       0              0              1              6             28            120              9/8     
       0              0              0              1             12            100             13/160   
       0              0              0              0              1             20            -23/1280  
       0              0              0              0              0            384              1       

M=scale(M,6,1/384)

M =

       1              0              0              0              0              0              0       
       0              1              2              4              8             16             29/20    
       0              0              1              6             28            120              9/8     
       0              0              0              1             12            100             13/160   
       0              0              0              0              1             20            -23/1280  
       0              0              0              0              0              1              1/384   

M=relace(M,5,-20,6)
{Undefined function 'relace' for input arguments of type 'double'.
} 
M=replace(M,5,-20,6)

temp =

       1              0              0              0              0              0              0       
       0              1              2              4              8             16             29/20    
       0              0              1              6             28            120              9/8     
       0              0              0              1             12            100             13/160   
       0              0              0              0              1              0           -269/3840  
       0              0              0              0              0              1              1/384   

OK? y/n [y]:y

M =

       1              0              0              0              0              0              0       
       0              1              2              4              8             16             29/20    
       0              0              1              6             28            120              9/8     
       0              0              0              1             12            100             13/160   
       0              0              0              0              1              0           -269/3840  
       0              0              0              0              0              1              1/384   

M=replace(M,4,-100,6)

temp =

       1              0              0              0              0              0              0       
       0              1              2              4              8             16             29/20    
       0              0              1              6             28            120              9/8     
       0              0              0              1             12              0            -43/240   
       0              0              0              0              1              0           -269/3840  
       0              0              0              0              0              1              1/384   

OK? y/n [y]:y

M =

       1              0              0              0              0              0              0       
       0              1              2              4              8             16             29/20    
       0              0              1              6             28            120              9/8     
       0              0              0              1             12              0            -43/240   
       0              0              0              0              1              0           -269/3840  
       0              0              0              0              0              1              1/384   

M=replace(M,3,-120,6)

temp =

       1              0              0              0              0              0              0       
       0              1              2              4              8             16             29/20    
       0              0              1              6             28              0             13/16    
       0              0              0              1             12              0            -43/240   
       0              0              0              0              1              0           -269/3840  
       0              0              0              0              0              1              1/384   

OK? y/n [y]:y

M =

       1              0              0              0              0              0              0       
       0              1              2              4              8             16             29/20    
       0              0              1              6             28              0             13/16    
       0              0              0              1             12              0            -43/240   
       0              0              0              0              1              0           -269/3840  
       0              0              0              0              0              1              1/384   

M=replace(M,2,-16,6)

temp =

       1              0              0              0              0              0              0       
       0              1              2              4              8              0            169/120   
       0              0              1              6             28              0             13/16    
       0              0              0              1             12              0            -43/240   
       0              0              0              0              1              0           -269/3840  
       0              0              0              0              0              1              1/384   

OK? y/n [y]:y

M =

       1              0              0              0              0              0              0       
       0              1              2              4              8              0            169/120   
       0              0              1              6             28              0             13/16    
       0              0              0              1             12              0            -43/240   
       0              0              0              0              1              0           -269/3840  
       0              0              0              0              0              1              1/384   

M=replace(M,4,-12,5)

temp =

       1              0              0              0              0              0              0       
       0              1              2              4              8              0            169/120   
       0              0              1              6             28              0             13/16    
       0              0              0              1              0              0            127/192   
       0              0              0              0              1              0           -269/3840  
       0              0              0              0              0              1              1/384   

OK? y/n [y]:y

M =

       1              0              0              0              0              0              0       
       0              1              2              4              8              0            169/120   
       0              0              1              6             28              0             13/16    
       0              0              0              1              0              0            127/192   
       0              0              0              0              1              0           -269/3840  
       0              0              0              0              0              1              1/384   

for i =1:3
M=replace(M,i,-M(i,5)/M(5,5),5)
end
{Error using replace (line 20)
    The multiplier m cannot be zero
} 
for i =2:3
M=replace(M,i,-M(i,5)/M(5,5),5)
end

temp =

       1              0              0              0              0              0              0       
       0              1              2              4              0              0             63/32    
       0              0              1              6             28              0             13/16    
       0              0              0              1              0              0            127/192   
       0              0              0              0              1              0           -269/3840  
       0              0              0              0              0              1              1/384   

OK? y/n [y]:y

M =

       1              0              0              0              0              0              0       
       0              1              2              4              0              0             63/32    
       0              0              1              6             28              0             13/16    
       0              0              0              1              0              0            127/192   
       0              0              0              0              1              0           -269/3840  
       0              0              0              0              0              1              1/384   


temp =

       1              0              0              0              0              0              0       
       0              1              2              4              0              0             63/32    
       0              0              1              6              0              0           1534/553   
       0              0              0              1              0              0            127/192   
       0              0              0              0              1              0           -269/3840  
       0              0              0              0              0              1              1/384   

OK? y/n [y]:y

M =

       1              0              0              0              0              0              0       
       0              1              2              4              0              0             63/32    
       0              0              1              6              0              0           1534/553   
       0              0              0              1              0              0            127/192   
       0              0              0              0              1              0           -269/3840  
       0              0              0              0              0              1              1/384   

for i =2:3
M=replace(M,i,-M(i,4)/M(4,4),4)
end

temp =

       1              0              0              0              0              0              0       
       0              1              2              0              0              0            -65/96    
       0              0              1              6              0              0           1534/553   
       0              0              0              1              0              0            127/192   
       0              0              0              0              1              0           -269/3840  
       0              0              0              0              0              1              1/384   

OK? y/n [y]:y

M =

       1              0              0              0              0              0              0       
       0              1              2              0              0              0            -65/96    
       0              0              1              6              0              0           1534/553   
       0              0              0              1              0              0            127/192   
       0              0              0              0              1              0           -269/3840  
       0              0              0              0              0              1              1/384   


temp =

       1              0              0              0              0              0              0       
       0              1              2              0              0              0            -65/96    
       0              0              1              0              0              0          -1147/960   
       0              0              0              1              0              0            127/192   
       0              0              0              0              1              0           -269/3840  
       0              0              0              0              0              1              1/384   

OK? y/n [y]:y

M =

       1              0              0              0              0              0              0       
       0              1              2              0              0              0            -65/96    
       0              0              1              0              0              0          -1147/960   
       0              0              0              1              0              0            127/192   
       0              0              0              0              1              0           -269/3840  
       0              0              0              0              0              1              1/384   

M=replace(M,2,-2,3)

temp =

       1              0              0              0              0              0              0       
       0              1              0              0              0              0            137/80    
       0              0              1              0              0              0          -1147/960   
       0              0              0              1              0              0            127/192   
       0              0              0              0              1              0           -269/3840  
       0              0              0              0              0              1              1/384   

OK? y/n [y]:y

M =

       1              0              0              0              0              0              0       
       0              1              0              0              0              0            137/80    
       0              0              1              0              0              0          -1147/960   
       0              0              0              1              0              0            127/192   
       0              0              0              0              1              0           -269/3840  
       0              0              0              0              0              1              1/384   

format long ,M

M =

  Columns 1 through 5

   1.000000000000000                   0                   0                   0                   0
                   0   1.000000000000000                   0                   0                   0
                   0                   0   1.000000000000000                   0                   0
                   0                   0                   0   1.000000000000000                   0
                   0                   0                   0                   0   1.000000000000000
                   0                   0                   0                   0                   0

  Columns 6 through 7

                   0                   0
                   0   1.712500000000007
                   0  -1.194791666666673
                   0   0.661458333333335
                   0  -0.070052083333334
   1.000000000000000   0.002604166666667

diary off
